363331
363332
363333
363334
363335
363336
363337
363338
363339
363340
363341
363342
363343
363344
363345
363346
363347
363348
363349
363350
363351
363352
363353
363354
363436
363437
363438
363439
363440
363441
363442
363443
363444
363445
363446
363447
363448
363449
363450
363451
363452
363453
363454
363455
363456
363457
363458
363459
363460
363461
363462
363463
363464
363465
363466
363467
363468
363469
363470
363471
363472
363473
363474
363475
363476
363477
363478
363479
363480
363481
363482
363483
